CAD X (um)	CAD Y (um)	LCDx (um)	LCDy (um)
383.7	220.004	0.902	0.138
386.076	220.004	0.902	0.138
387.264	220.004	0.902	0.138
389.64	220.004	0.902	0.138
390.72	220.004	0.902	0.138
397.2	220.004	0.902	0.138
400.44	220.004	0.902	0.138
410.808	220.004	0.902	0.138
418.8	220.004	0.902	0.138
420.744	220.004	0.902	0.138
428.52	220.004	0.902	0.138
529.496	219.932	0.902	0.138
417.45	220.004	0.578	0.138
567.314	220.004	0.578	0.138
350.382	220.004	0.47	0.138
354.54	220.004	0.47	0.138
367.284	220.004	0.47	0.138
416.046	220.004	0.47	0.138
431.598	220.004	0.47	0.138
432.678	220.004	0.47	0.138
434.676	220.004	0.47	0.138
540.152	220.004	0.47	0.138
545.174	220.004	0.47	0.138
549.926	220.004	0.47	0.138
559.538	220.004	0.47	0.138
578.33	220.004	0.47	0.138
353.109	220.004	0.308	0.138
353.757	220.004	0.308	0.138
355.107	220.004	0.308	0.138
